44 444 550 1271 1355 1374 1494 1503 1508 1567 8017
48 124 152 281 445 818 951 1353 1513 2188 8017
243 328 521 792 797 1059 1146 1332 1358 1406 8018
18 20 68 521 552 804 808 818 1227 1330 8018
68 189 243 281 299 818 1122 1129 1576 2036 8018
150 342 343 485 581 1438 1439 1450 2100 2167 8018
4 162 176 243 817 1330 1331 1502 1554 1613 8018
10 231 239 259 281 299 453 515 951 1503 8018
18 137 162 176 224 445 779 808 816 1503 8018
137 191 226 267 299 548 571 577 583 949 8018
15 122 124 152 295 431 818 1396 2167 2188 8019
26 138 281 331 550 808 818 949 1164 1246 8019
12 124 132 209 223 224 279 431 1282 1493 8019
12 69 138 189 208 481 771 818 1127 1554 8019
12 22 68 124 235 319 431 1271 1467 2192 8019
20 68 124 152 231 335 445 453 818 1271 8019
18 156 176 327 533 550 1277 1330 1503 1613 8019
74 150 211 521 548 779 860 949 1537 2167 8019
124 259 281 431 445 474 714 951 1457 1503 8019
68 85 124 152 224 243 431 452 550 1576 8019
20 22 44 162 189 243 259 550 583 818 8019
42 68 124 152 216 279 431 1271 1276 1554 8019
124 152 256 1239 1271 1353 1374 1422 1521 1554 8019
69 176 208 474 951 1127 1269 1452 1495 1503 8020
31 68 152 208 1021 1122 1271 1503 1513 2167 8020
4 68 107 176 259 276 288 431 1122 1554 8020
43 44 68 152 217 414 452 1282 1353 1503 8020
124 160 226 243 445 453 1059 1128 1271 2167 8020
4 21 129 308 314 336 819 1382 1423 2188 8020
15 68 152 189 224 452 1122 1129 1272 2167 8020
124 224 231 234 243 295 299 431 445 1503 8020
152 314 431 507 639 819 1226 1244 1276 1378 8020
12 43 44 124 235 548 818 1125 1413 2167 8020
68 152 156 220 245 319 335 445 1134 2036 8020
68 124 152 217 231 276 1353 1612 2167 2188 8020
20 68 152 216 235 276 348 1131 1239 1555 8020
43 124 152 231 259 319 804 818 1122 1353 8020
48 69 118 243 326 513 818 949 1554 2167 8020
10 189 208 232 279 299 453 583 951 1148 8020
68 124 135 152 217 452 521 1155 1353 1513 8020
4 44 68 189 216 224 445 1115 1128 1467 8020
4 21 23 48 118 186 281 299 445 1503 8020
4 68 243 319 554 1129 1271 1355 1422 2188 8020
14 124 137 224 445 535 804 964 1330 1503 8020
124 150 152 224 276 279 280 295 1271 1353 8020
124 211 221 245 259 445 481 1115 1353 2188 8020
21 68 124 130 189 231 259 452 1122 1503 8020
4 152 216 224 521 581 583 1129 1271 2178 8020
84 162 176 231 804 818 1122 1239 1267 1353 8020
217 220 521 1115 1122 1258 1271 1503 1613 2167 8020
48 68 124 445 974 1155 1226 1227 1267 1662 8020
60 138 176 224 431 452 818 1122 1239 1503 8021
4 93 235 816 1117 1122 1227 1258 1271 1330 8021
68 243 267 290 431 445 521 583 1246 1353 8021
18 48 124 217 235 313 431 445 804 1271 8021
132 135 176 290 335 530 964 1117 1330 1503 8021
68 152 189 216 235 445 452 1330 1396 2036 8021
14 48 57 134 335 535 565 808 949 1331 8021
43 124 138 163 211 290 308 445 1165 1330 8021
68 130 260 431 445 818 859 1146 1463 1503 8021
44 127 243 279 816 1117 1330 1332 1502 1613 8021
57 138 147 176 348 508 797 808 1117 1124 8021
4 68 152 177 443 521 1267 1271 1353 1508 8022
60 133 162 178 327 1117 1502 1552 1713 2120 8022
163 231 280 327 379 533 804 1249 1277 1330 8022
12 21 68 124 207 1046 1194 1272 1457 2167 8022
4 38 68 152 216 452 1276 1353 1554 2167 8022
32 138 256 577 816 982 1127 1134 1246 1378 8022
135 176 243 268 452 817 1117 1277 1554 1613 8022
44 68 87 231 295 445 452 480 481 1463 8022
138 150 281 505 521 548 816 817 818 1269 8022
12 21 49 124 152 176 431 452 521 808 8022
12 22 43 68 162 551 949 1134 1282 2167 8022
4 44 152 196 276 1134 1248 1392 1503 2167 8022
43 44 147 231 414 445 817 1258 1271 1503 8022
38 152 176 335 443 818 949 1554 1594 1603 8022
124 220 452 579 797 859 1353 1392 1554 2188 8023
4 12 21 243 431 452 818 954 1129 1148 8023
4 152 176 295 335 431 453 818 951 1458 8023
4 49 138 150 243 445 474 548 855 1269 8023
14 176 220 259 335 808 816 1115 1330 1503 8023
20 31 49 162 565 769 852 1277 1503 2119 8023
20 26 43 68 132 431 585 974 1129 1330 8023
26 118 127 138 162 176 807 1239 1330 1613 8023
39 68 124 125 211 226 267 279 299 319 8023
22 243 245 259 954 1129 1267 1271 1353 2188 8023
162 176 224 1458 1513 1552 1603 1625 2094 2099 8023
45 162 176 268 530 808 816 817 818 1330 8023
176 208 224 243 474 951 967 1554 1581 1713 8023
18 152 176 216 224 272 818 1115 1298 1463 8023
152 226 267 335 445 1503 1530 1603 1726 1745 8024
124 220 445 583 817 949 1240 1330 1555 1709 8024
68 124 133 138 231 267 585 818 1227 1503 8024
2 21 124 177 297 431 976 1129 1348 1597 8024
43 68 152 231 243 414 1122 1271 1383 1415 8024
2 11 152 235 243 279 328 431 452 1494 8024
14 130 138 299 335 508 817 1117 1134 1396 8024
62 82 152 176 335 452 577 816 818 1134 8024
14 31 163 191 259 508 528 945 1246 1502 8024
21 87 166 318 328 412 521 724 1271 2188 8024
20 31 48 156 243 367 508 816 1117 1134 8024
14 176 281 533 951 954 1117 1330 1603 2167 8024
299 348 453 496 507 521 552 945 1124 1521 8024
19 124 152 445 797 816 1267 1271 1396 1406 8024
4 14 150 224 452 521 550 583 1129 1996 8024
20 68 138 231 314 377 572 804 818 951 8024
176 232 480 535 800 949 954 1122 1239 1603 8024
4 21 189 224 342 343 349 445 581 2197 8024
43 68 152 243 295 313 452 1146 1353 1503 8025
48 49 226 252 274 308 779 803 811 2156 8025
66 87 281 295 301 596 974 1208 1650 1711 8025
124 132 220 348 452 535 583 804 1129 1267 8025
138 223 304 515 535 566 804 816 1330 2167 8025
21 124 152 220 234 276 328 431 819 1276 8025
31 452 453 583 688 817 1277 1330 1503 1603 8025
4 152 162 288 445 804 1115 1458 1612 1613 8025
43 163 176 191 211 533 535 949 1134 1330 8025
10 21 245 272 281 583 818 1108 1353 2036 8025
4 21 44 48 68 152 220 299 453 1374 8025
138 152 224 276 804 818 945 1125 1277 1353 8025
21 68 124 152 445 1107 1271 1353 1554 1605 8025
21 49 68 130 224 243 299 323 1146 1276 8025
124 152 189 220 445 452 583 817 1124 1503 8025
48 60 150 530 808 876 1134 1164 1165 1613 8025
21 131 138 299 521 1258 1271 1298 1521 1554 8026
4 44 150 152 243 804 1115 1271 1458 2101 8026
15 21 211 224 379 431 452 859 1129 1392 8026
5 18 68 84 124 150 221 279 1115 1353 8026
152 220 243 445 521 816 1267 1378 1627 1662 8026
57 138 208 313 474 548 804 949 1157 1627 8026
92 176 191 226 521 550 951 967 1330 2094 8026
4 163 176 191 335 464 548 1330 1396 1508 8026
259 267 299 327 335 474 521 548 583 1613 8026
43 176 211 412 431 800 818 1082 1330 2200 8026
138 279 304 335 345 515 521 535 583 1227 8026
30 68 124 152 243 279 346 954 1122 1271 8026
4 5 47 68 220 224 231 295 1115 1353 8026
21 48 68 189 221 243 318 319 452 1239 8026
4 21 44 48 189 452 817 1125 1411 1612 8026
18 47 124 152 445 511 583 800 1084 1276 8027
14 150 152 452 804 818 1127 1374 1458 1757 8027
137 243 267 281 521 533 554 818 1227 1330 8027
49 135 211 335 474 818 949 1117 1249 1763 8027
14 26 152 156 220 521 818 1128 1463 1612 8027
150 267 779 808 949 1164 1165 1986 1987 2022 8027
10 49 162 176 196 327 508 528 949 1396 8027
26 60 243 335 804 949 1117 1122 1330 2188 8027
47 152 231 319 431 442 445 1115 1271 1612 8027
104 122 124 152 224 295 1129 1272 1557 1627 8027
18 211 499 1127 1368 1381 1422 1503 1709 2108 8027
4 12 20 50 176 554 817 948 951 1134 8027
48 68 138 152 243 281 297 445 1146 1353 8027
21 44 68 124 150 189 279 954 1271 1397 8027
4 276 431 445 1097 1148 1246 1267 1271 1491 8027
39 68 208 280 554 804 818 949 1244 2036 8027
21 152 185 189 208 299 1258 1467 1494 1745 8027
22 68 150 243 279 319 454 521 954 1707 8027
60 137 485 487 808 949 1164 1246 2094 2100 8027
68 152 313 319 1115 1148 1353 1378 1612 1627 8027
137 226 327 548 808 816 949 1163 1164 1713 8027
31 138 212 243 583 800 1127 1253 1330 1503 8027
68 150 211 507 535 552 1121 1277 1330 1452 8027
124 299 431 445 514 817 818 951 1232 1503 8027
107 124 231 279 299 429 583 790 818 1156 8028
15 138 268 431 769 808 1392 1603 1707 2120 8028
14 18 48 191 586 808 945 949 1184 1396 8028
32 152 216 348 367 1117 1277 1493 1562 1603 8028
21 129 189 211 245 308 333 445 453 550 8028
124 152 211 276 335 818 1271 1353 2036 2068 8028
42 176 276 445 548 1115 1117 1164 1330 1745 8028
21 68 243 280 319 797 1122 1134 1603 2036 8028
138 335 348 379 797 817 949 1108 1361 1714 8028
2 21 160 219 220 387 1146 1612 2036 2108 8028
133 162 211 279 297 327 335 808 816 1134 8028
124 152 224 295 583 1107 1134 1330 1503 1603 8028
68 137 243 336 445 474 964 1269 1277 1603 8028
162 267 281 521 548 552 945 1127 1567 1713 8028
21 31 176 535 808 817 1253 1502 1757 2178 8028
138 163 245 327 535 808 1115 1458 1603 1707 8028
49 68 150 268 445 771 817 818 1277 1378 8028
43 124 152 224 445 583 816 1244 1353 2167 8028
138 196 211 379 453 533 808 951 1164 1277 8028
68 138 243 535 804 954 1277 1493 1502 1552 8028
176 808 1117 1129 1134 1165 1381 1503 1656 2100 8028
4 20 43 1112 1127 1271 1331 1613 1713 1728 8028
43 152 224 431 583 859 1407 1627 2167 2188 8028
124 314 414 431 453 771 951 1085 1333 1503 8028
156 176 243 335 445 807 951 1269 1610 1613 8028
2 10 31 295 319 511 804 1131 1271 1554 8028
48 152 191 348 464 807 1129 1368 1709 2178 8028
4 152 219 299 442 1267 1271 1276 1396 1612 8028
68 152 189 211 217 220 319 453 945 1164 8029
21 118 185 515 577 583 588 1129 1468 1493 8029
18 137 162 163 289 521 808 877 976 1128 8029
137 162 176 208 211 281 299 951 964 1235 8029
4 49 137 208 279 548 945 1134 1330 1603 8029
4 176 211 224 243 337 548 1276 1603 1707 8029
4 122 276 314 816 1115 1129 1131 1271 2167 8029
4 50 152 235 445 452 1127 1271 1353 1412 8029
335 445 521 535 746 807 1127 1269 1574 1594 8029
5 21 150 189 221 259 535 949 1330 2036 8029
2 20 21 68 162 226 259 295 583 854 8029
133 176 191 308 319 817 1127 1277 1567 1713 8029
130 245 279 314 477 533 779 818 1127 1128 8029
12 130 189 295 467 583 1107 1115 1146 1513 8029
14 84 124 160 189 279 346 511 549 797 8029
124 138 152 445 533 800 1134 1371 1458 1508 8029
4 59 152 216 299 452 1127 1129 1148 1353 8029
21 124 152 431 452 817 1332 1493 1512 2188 8029
60 62 163 176 335 519 583 585 816 1245 8029
31 138 304 445 453 535 548 801 1129 1502 8029
1 137 211 224 232 279 327 453 1521 1615 8029
304 535 552 817 1127 1330 1374 1503 1713 2036 8029
162 335 808 818 974 1117 1327 1608 1675 1754 8029
4 118 224 279 431 445 474 559 1271 1422 8029
124 138 152 243 260 261 295 319 1128 1513 8029
68 124 189 220 231 319 1122 1271 1422 1513 8029
12 124 152 279 281 297 299 431 1508 1713 8029
137 139 281 535 949 1134 1277 1353 1554 1745 8029
85 185 208 226 304 480 521 1258 1467 2174 8029
48 68 131 163 335 445 949 1246 1277 1503 8029
4 43 135 176 550 818 1127 1227 1330 1713 8029
10 124 152 220 281 800 982 1115 1125 1271 8029
43 211 779 1129 1130 1272 1508 1707 2036 2178 8029
60 150 163 808 817 1117 1127 1330 1396 1728 8029
150 177 281 485 808 949 1164 1165 2094 2100 8029
59 216 219 224 299 348 1127 1249 1396 1422 8029
4 44 131 152 191 276 452 1353 1521 1617 8029
124 138 224 268 279 442 452 1330 1368 1416 8030
44 118 138 514 982 1125 1227 1258 1327 1521 8030
162 176 243 431 817 1117 1330 1378 1420 1502 8030
12 22 50 220 354 450 585 818 1513 1581 8030
45 485 550 808 1127 1165 1770 2094 2167 2184 8030
21 124 220 224 431 452 1115 1371 1612 1627 8030
156 176 243 297 327 816 821 1134 1246 2036 8030
4 14 150 152 224 297 511 550 951 954 8030
68 132 138 220 235 431 1036 1271 1353 1503 8030
2 124 150 152 243 445 453 817 1148 1581 8030
279 453 535 591 966 1271 1277 1374 1452 1603 8030
18 124 152 254 431 445 974 1271 1327 1396 8030
1 68 138 279 335 431 445 533 816 817 8030
12 21 68 152 235 792 1146 1353 2036 2192 8030
4 21 49 138 162 163 248 279 967 1396 8030
48 124 193 535 818 949 2094 2096 2100 2119 8030
130 138 453 513 548 688 1235 1271 1277 1613 8030
18 20 21 48 445 521 548 808 932 945 8030
21 196 208 226 571 885 1107 1129 1745 2036 8030
152 216 348 349 445 800 1124 1146 1353 1503 8030
137 138 281 474 565 591 1269 1360 1396 1562 8030
44 176 243 295 581 769 1134 1396 1555 1662 8030
92 124 152 295 349 445 796 800 1124 1503 8030
135 779 804 818 1151 1330 1371 1404 1537 1572 8030
31 133 138 176 224 535 808 1127 1713 1745 8030
20 122 124 152 243 431 452 467 1513 1529 8030
18 68 85 150 152 231 243 912 1134 1396 8030
4 44 133 211 224 414 445 453 1463 1680 8030
4 48 176 216 378 414 1117 1227 1603 2178 8030
137 279 511 550 854 949 1713 1745 1757 2167 8030
68 177 335 431 797 949 1127 1128 1271 1554 8030
15 131 224 243 431 445 453 688 1148 1408 8030
47 152 208 211 279 323 550 1134 1330 1452 8030
10 60 92 176 239 335 464 521 808 1330 8030
59 208 216 259 279 573 1117 1381 1467 1581 8030
21 48 68 185 208 281 521 535 800 2036 8030
42 130 152 231 281 431 445 572 1467 1713 8030
15 50 68 150 224 295 327 506 550 954 8030
44 224 279 445 1115 1155 1218 1355 1371 1458 8031
26 150 231 243 267 279 949 1039 1355 1662 8031
49 176 267 281 485 796 1165 1235 1603 2100 8031
68 124 152 235 280 442 445 797 1155 1353 8031
21 130 156 211 259 453 474 816 1117 1277 8031
481 563 945 949 1129 1146 1258 1521 2067 2178 8031
22 38 124 152 313 367 452 1353 2178 2188 8031
107 132 208 431 445 514 714 1269 1491 2167 8031
36 138 176 267 281 327 332 548 945 1396 8031
4 22 176 221 299 771 1127 1276 1612 2167 8031
43 133 565 1117 1128 1248 1277 1374 1503 1552 8031
31 43 47 135 163 299 308 474 535 1493 8031
12 68 124 163 221 243 817 1129 1271 1463 8031
133 176 211 327 445 452 688 779 1115 1513 8031
23 31 68 118 299 515 535 573 1082 1503 8031
4 21 138 208 452 535 550 808 1127 1603 8031
20 26 132 225 243 412 511 1134 1374 1612 8031
150 176 335 378 382 452 771 797 1603 1728 8031
48 135 224 505 548 817 1271 1353 1603 2167 8031
4 21 68 189 243 295 348 1226 1276 1396 8031
176 243 816 817 818 1115 1129 1277 1374 1463 8031
2 21 44 124 221 445 452 1267 1382 1503 8031
124 152 162 231 535 1271 1368 1415 1503 1513 8031
243 267 281 335 445 452 508 535 816 1396 8031
4 20 21 48 220 224 445 503 1115 1271 8031
42 44 124 150 548 550 779 1115 1134 1155 8031
220 235 328 335 431 445 452 583 974 1115 8031
4 47 176 224 445 554 808 818 1330 1713 8031
1 124 226 274 348 431 572 800 951 1122 8031
92 289 445 758 808 949 960 1723 1728 2093 8031
124 279 335 453 504 804 817 1134 1330 1503 8031
68 85 118 231 1115 1491 1627 1749 2036 2116 8031
10 31 68 124 138 189 295 431 445 453 8031
43 124 135 137 452 554 577 818 867 949 8031
14 48 170 211 280 335 737 808 1134 1675 8031
122 124 231 243 445 804 1115 1226 1330 1613 8031
93 152 279 452 557 797 816 1128 1267 2167 8031
49 176 808 1164 1165 1227 1253 1330 2094 2100 8031
68 124 152 231 335 452 1115 1353 2174 2188 8031
4 21 26 43 47 68 1115 1597 1603 1627 8031
15 185 208 259 262 515 544 738 1287 2167 8031
21 22 30 189 279 299 515 789 1139 2036 8032
4 59 129 152 211 216 299 452 817 1403 8032
43 442 445 557 559 1080 1130 1271 1298 1605 8032
4 43 176 226 299 431 654 1082 1282 1688 8032
138 176 211 535 808 954 964 1668 2070 2095 8032
21 68 176 328 445 816 1227 1371 1415 1513 8032
130 135 348 431 445 452 573 797 818 1444 8032
46 50 132 176 267 515 521 548 550 1709 8032
4 151 224 348 379 431 511 1378 1555 1662 8032
4 44 68 152 297 688 949 1115 1276 1463 8032
124 135 150 325 453 769 949 1248 1621 1713 8032
47 68 152 224 445 1155 1463 1627 1823 2036 8032
11 68 152 163 235 259 276 431 452 1503 8032
4 21 152 192 348 452 535 797 1148 1276 8032
15 152 243 279 313 431 442 1271 1282 1554 8032
4 21 50 68 152 216 231 346 442 445 8032
4 176 301 771 804 974 1122 1267 1330 1662 8032
138 259 281 414 453 535 818 1124 1127 1521 8032
2 44 152 256 279 688 1125 1282 1333 1452 8032
21 68 189 220 431 445 789 1146 1420 1463 8032
16 31 279 505 548 1436 1438 1608 2156 2167 8032
57 75 92 118 130 348 521 554 1139 1420 8032
124 152 243 348 452 797 818 1358 1392 1707 8032
43 122 160 189 260 295 445 1125 1146 2188 8032
38 68 124 152 211 431 445 452 1146 1353 8032
14 18 176 445 533 550 818 954 1227 1330 8032
243 346 445 452 505 1355 1396 1489 1815 2275 8032
135 138 208 281 308 327 550 817 1222 1745 8032
138 243 453 563 769 1127 1134 1246 1521 1617 8032
1 31 138 156 224 243 445 511 1134 1330 8032
485 487 808 1163 1164 1165 1986 1987 2022 2173 8032
62 138 185 267 304 514 515 982 1503 1709 8032
49 109 162 224 243 335 731 1129 1713 2130 8032
10 12 47 152 243 1115 1271 1353 1662 2108 8032
18 348 808 879 1124 1433 1444 1709 2178 2232 8032
4 49 68 150 176 453 474 769 911 1085 8032
4 133 152 235 267 817 951 1129 1271 1353 8032
111 124 152 243 279 550 769 1115 1131 1508 8032
137 150 281 808 1163 1164 1165 1235 1330 2167 8032
137 150 267 487 548 808 1235 1330 1986 2022 8033
68 162 445 452 535 583 807 1396 1503 1552 8033
306 313 431 818 951 1115 1129 1155 1163 1265 8033
18 137 150 211 239 949 964 1165 2099 2125 8033
22 138 276 327 949 1353 1407 1467 2036 2091 8033
21 68 220 243 276 295 1115 1125 1353 2188 8033
14 43 48 99 530 808 1165 1235 2167 2178 8033
14 49 50 68 137 152 378 443 1115 2130 8033
208 243 268 281 304 533 550 818 1107 1415 8033
150 152 178 279 431 526 557 816 1282 1709 8033
42 162 176 211 335 533 722 1164 1165 2094 8033
2 15 68 125 152 429 431 445 818 949 8033
10 48 138 166 515 724 790 867 951 2178 8033
21 31 48 243 550 808 818 958 1503 1603 8033
124 152 335 521 535 867 1139 1271 1330 1728 8033
1 23 75 118 152 299 583 651 1129 1558 8033
4 224 232 328 444 511 769 949 1129 1707 8033
21 128 189 231 272 279 951 1332 1513 2167 8033
4 68 354 535 550 789 949 1271 1353 1503 8033
279 281 304 335 550 804 808 949 1164 1552 8033
47 49 162 224 279 445 1269 1662 1713 1745 8033
50 124 132 147 152 299 949 1554 1785 2067 8033
4 84 162 216 335 808 1134 1277 1330 1713 8033
43 132 191 216 226 299 533 535 818 1503 8033
4 12 50 152 224 328 583 1271 1353 1513 8033
4 21 68 235 243 521 565 816 1125 1148 8033
49 81 343 453 583 771 796 1129 1603 1610 8033
43 50 124 125 220 452 533 797 1330 1406 8033
124 125 152 220 224 272 431 452 1381 2178 8033
2 10 68 152 243 263 295 797 1124 1146 8033
14 43 453 557 804 816 818 1503 1709 1713 8033
4 152 224 297 445 521 796 1125 1148 1444 8033
12 48 68 279 521 797 1148 1156 1239 1271 8033
21 124 217 231 279 345 431 452 1713 2188 8033
150 152 259 281 521 535 554 818 1286 1503 8033
21 22 138 211 224 226 583 1272 1378 1444 8033
176 488 548 775 945 1134 1246 1503 1613 2167 8033
4 43 243 405 431 445 583 804 1124 1503 8033
178 429 511 550 818 1127 1227 1246 1503 1713 8033
15 32 43 48 57 224 535 818 1117 1562 8033
49 68 208 281 335 818 1353 1554 1603 1612 8033
68 150 224 243 533 1115 1271 1353 1378 1411 8033
152 176 191 335 346 414 583 1271 1330 1353 8034
21 124 152 224 431 445 452 579 1115 1503 8034
31 132 150 176 535 804 808 816 1117 1617 8034
124 138 243 279 431 445 816 1134 1271 2014 8034
21 43 243 327 548 797 1117 1277 1330 1713 8034
18 44 133 279 453 1059 1125 1221 1282 1377 8034
48 92 152 563 585 588 1115 1267 1330 1415 8034
47 68 152 243 318 346 986 1276 1508 2036 8034
49 211 335 445 818 1115 1134 1269 1463 2120 8034
4 60 152 243 445 797 1148 1246 1271 1613 8034
43 150 335 535 808 949 1164 1165 1227 1330 8034
279 431 583 797 1127 1148 1267 1276 1713 1745 8034
68 150 224 327 445 550 722 794 818 1330 8034
138 224 445 586 1124 1246 1282 1378 1603 1713 8034
48 84 223 279 281 348 577 583 804 1491 8034
124 152 207 279 348 452 797 1131 1267 1330 8034
124 216 313 431 816 1122 1145 1155 1353 1738 8034
20 160 243 431 505 818 1115 1122 1155 1271 8034
4 47 135 243 276 295 348 769 771 1271 8034
57 68 124 152 216 243 549 949 1396 2148 8034
138 335 414 453 586 808 949 1239 1521 1745 8034
68 118 130 245 281 583 818 949 1353 1396 8034
124 348 452 818 986 1115 1155 1226 1396 1463 8034
156 162 176 224 243 445 452 816 1330 1613 8034
176 279 335 453 459 818 1327 1374 1396 1613 8034
150 152 452 453 800 1122 1422 1521 2158 2167 8034
4 75 152 243 281 297 299 521 1148 1500 8034
176 211 267 431 550 771 1330 1508 1693 1801 8034
12 124 152 348 797 818 1131 1271 1502 1503 8034
21 36 68 297 431 714 816 1129 1148 2036 8034
20 196 243 281 290 535 1246 1269 1330 1422 8034
124 150 211 224 279 535 1115 1124 1353 1371 8034
2 43 68 152 176 319 1108 1276 1749 2036 8034
2 21 22 48 68 124 261 319 954 1332 8034
48 535 769 804 818 1129 1330 1597 1707 1723 8034
18 124 152 224 445 1239 1271 1603 1612 2188 8034
48 124 152 243 452 583 768 949 1115 2167 8034
43 152 211 221 231 445 818 1115 1134 1330 8034
48 122 124 295 511 554 577 583 1503 2108 8034
4 68 152 452 818 945 1130 1156 1361 2115 8034
4 21 44 152 189 221 245 276 445 1612 8034
224 319 1146 1276 1353 1452 1463 1521 1617 1707 8034
150 162 445 535 949 1117 1129 1271 1330 1603 8034
4 21 57 335 346 452 591 1493 1503 1709 8034
84 176 367 521 530 797 1115 1128 1253 1330 8034
138 224 346 349 797 1124 1271 1330 1508 1713 8034
152 276 295 346 452 769 804 1146 1423 1467 8034
21 22 124 216 224 276 549 797 1271 1612 8034
85 124 152 176 235 276 445 452 535 1353 8035
21 130 152 220 234 431 452 1146 1282 1738 8035
82 138 152 165 327 440 445 559 1298 1330 8035
12 21 138 152 245 276 349 771 800 1353 8035
68 135 281 445 511 817 818 1115 1513 1713 8035
124 138 243 279 281 304 651 982 1219 1220 8035
137 207 231 319 533 779 1272 1327 1396 1503 8035
176 191 281 299 308 335 583 1134 1422 2116 8035
58 267 521 583 818 951 1127 1227 1554 2130 8035
4 138 176 279 335 445 521 571 1246 1267 8035
20 132 150 152 267 779 808 1117 1330 2167 8035
138 243 259 279 521 958 1117 1134 1239 1502 8035
44 124 152 220 445 452 550 583 666 1115 8035
68 243 319 453 480 521 1267 1282 1330 1368 8035
4 84 152 216 272 276 279 346 443 1271 8035
84 150 335 535 804 949 954 1169 1350 1480 8035
68 124 150 152 235 818 1124 1129 1378 2036 8035
12 15 152 224 276 349 442 797 1092 1416 8035
62 132 156 176 211 243 280 583 1134 1330 8035
12 14 43 216 224 335 521 583 859 1613 8035
44 68 124 243 279 295 452 1148 1371 1554 8035
21 124 176 211 563 585 586 651 1282 2167 8035
124 176 279 452 1117 1134 1353 1368 1396 1493 8035
84 152 243 279 281 533 796 800 949 1115 8035
47 135 150 308 818 881 965 1127 1353 1757 8035
4 5 122 189 193 221 818 1115 1271 1662 8035
10 48 152 211 256 279 297 949 1258 1521 8035
4 137 243 259 267 513 1269 1503 1709 2108 8035
68 152 189 261 276 295 319 1115 1146 1707 8035
68 150 152 276 319 445 452 1353 1396 1503 8035
107 124 152 226 279 586 804 818 1382 1627 8035
235 267 276 445 548 949 1129 1353 1396 1707 8035
18 152 216 235 276 295 445 792 808 1503 8035
22 49 68 122 139 163 515 533 949 1554 8035
48 162 176 211 800 951 1128 1189 1271 2130 8035
147 281 304 515 817 947 949 1117 1277 1327 8035
367 445 452 572 949 1415 1453 1612 1627 1738 8035
14 48 176 563 975 1117 1330 1603 1728 1874 8035
68 216 343 346 431 442 445 452 1146 1396 8035
245 378 769 951 1117 1134 1330 1396 1493 1613 8035
124 224 243 431 445 1148 1353 1415 1493 1707 8035
48 68 138 152 208 279 295 335 583 1246 8035
44 152 191 201 452 1059 1122 1146 1353 1513 8035
26 60 138 156 176 279 452 528 816 1134 8035
49 137 176 226 267 281 550 808 954 1163 8035
21 48 68 124 295 453 515 535 779 797 8035
156 176 279 299 348 583 790 797 816 1156 8035
68 122 124 176 208 211 279 335 445 480 8035
1 20 137 191 304 586 949 1246 1272 1709 8035
2 21 124 152 189 279 452 530 1353 1662 8035
152 162 274 328 335 453 818 1117 1368 1801 8035
2 21 152 276 797 821 1146 1253 1271 1505 8035
68 152 431 445 769 797 1146 1271 1333 1459 8035
48 130 235 276 370 414 431 445 452 1146 8035
57 106 133 152 162 211 276 1267 1491 1662 8035
18 176 232 279 304 808 1227 1330 1513 1521 8035
124 152 211 224 272 954 1239 1253 1408 1521 8035
14 176 191 279 452 521 533 535 816 1117 8035
14 221 453 714 800 818 1374 1503 1521 1617 8035
342 343 796 797 1252 1448 2036 2094 2167 2290 8035
4 124 150 152 276 279 445 591 771 808 8035
4 44 48 68 152 276 348 445 714 1561 8035
68 295 346 431 452 521 1267 1276 1330 1554 8035
130 152 220 348 445 797 1271 1411 1513 1603 8035
15 47 68 152 313 452 526 1115 1463 1513 8035
14 23 299 327 496 550 945 949 1403 1503 8036
14 48 84 152 211 299 577 591 801 817 8036
21 150 221 260 335 481 954 1239 1503 2036 8036
68 124 138 267 276 431 445 548 949 1353 8036
4 68 295 327 378 771 954 1115 1713 1745 8036
124 138 152 189 243 445 1134 1246 1521 1728 8036
49 138 226 243 515 550 591 1115 1603 1713 8036
124 132 192 211 224 769 1161 1330 1493 1713 8036
60 138 176 272 445 1115 1134 1271 1371 1613 8036
152 273 378 500 521 552 716 801 949 1394 8036
43 156 176 212 231 280 404 583 1117 1122 8036
137 176 191 279 452 464 474 550 949 958 8036
20 47 152 226 387 414 445 804 1374 1422 8036
124 224 343 431 445 797 1267 1439 1503 1662 8036
68 107 124 138 243 279 281 327 818 2192 8036
12 152 189 224 301 1243 1267 1493 1503 1627 8036
4 152 162 176 243 272 295 445 533 949 8036
137 138 150 196 279 808 949 1164 1227 1627 8036
50 127 226 234 243 445 452 583 1406 1513 8036
21 44 231 243 279 577 714 951 1082 1470 8036
20 207 221 224 235 279 295 445 452 1148 8036
243 280 281 452 951 1298 1503 1597 1709 1713 8036
124 132 226 299 502 535 800 1127 1227 1396 8036
4 68 152 189 224 431 445 1115 1271 2036 8036
31 130 138 150 535 949 1396 1554 1627 1830 8036
31 60 130 135 533 818 1117 1246 1330 1745 8036
15 44 118 256 350 444 789 790 1082 1139 8036
4 49 176 224 323 535 688 1239 1378 1786 8036
22 124 130 152 276 431 1115 1122 1271 1493 8036
50 124 135 226 231 474 1151 1332 1353 1627 8036
60 156 176 332 521 533 769 1134 1330 1552 8036
272 335 348 367 405 790 797 1108 1451 2167 8036
68 138 185 267 274 295 818 1353 1493 1713 8036
49 176 530 818 1117 1128 1333 1603 1613 1745 8036
14 152 220 445 452 480 535 808 1603 2232 8036
48 68 124 234 279 348 816 1411 1662 2036 8036
12 43 124 125 1271 1353 1411 1467 1503 1839 8036
21 87 189 299 445 453 1115 1155 1239 1707 8036
22 138 152 176 212 577 1267 1330 1627 2167 8036
21 85 259 586 796 1108 1396 1599 1714 2167 8036
4 162 176 445 818 951 964 1271 1277 1330 8036
50 68 152 243 431 452 1146 1407 1415 1508 8036
176 445 477 487 808 817 1117 1420 1613 1675 8036
156 221 279 331 445 452 557 1155 1330 1371 8036
133 445 453 688 769 817 1246 1298 1378 1422 8036
4 22 68 431 452 954 1115 1467 1603 1780 8036
150 162 535 571 591 951 1327 1374 1503 1521 8036
31 69 176 211 281 379 515 1151 1537 1572 8036
20 135 216 554 792 949 1164 1567 1745 2184 8036
18 150 152 276 445 452 453 1146 1381 1659 8036
137 150 485 548 808 949 1164 1165 1987 2190 8036
57 124 138 152 243 306 445 808 1330 1713 8036
44 79 130 152 335 442 452 533 714 1330 8036
48 68 124 243 431 535 817 949 1332 1467 8036
4 176 281 487 550 817 818 1127 1164 2094 8036
4 26 156 176 335 431 452 768 1115 1396 8036
21 68 124 138 189 216 279 445 808 1396 8036
124 130 156 178 207 243 1271 1277 1330 1521 8037
176 243 335 797 808 960 1134 1603 1728 1874 8037
4 50 150 201 216 256 945 1082 1148 1423 8037
68 124 281 431 445 452 453 714 1119 1503 8037
132 138 152 212 452 797 816 1396 1502 1612 8037
2 21 124 160 189 445 789 818 1123 1415 8037
162 176 186 945 949 1127 1165 1235 1335 1552 8037
20 50 68 245 445 636 1236 1353 1463 1532 8037
21 124 189 220 224 445 452 818 1115 1513 8037
4 50 118 224 281 445 535 1115 1282 1463 8037
176 226 267 453 474 1117 1129 1327 1521 1552 8037
152 156 178 211 243 279 343 796 1271 1709 8037
68 138 152 281 452 581 587 790 1396 1513 8037
21 152 243 348 367 1108 1146 1276 1505 1627 8037
4 21 216 429 431 453 818 951 1503 1617 8037
43 68 124 176 196 445 521 1163 1164 1330 8037
2 43 44 68 152 189 235 295 452 1353 8037
31 163 245 279 280 335 445 714 769 1115 8037
43 156 224 335 431 445 452 973 1330 1502 8037
47 124 281 445 779 818 1269 1282 1707 1874 8037
211 224 243 267 279 295 348 414 790 816 8037
2 104 124 445 452 583 1127 1129 1146 1353 8037
68 152 299 328 583 1155 1282 1503 1617 1823 8037
21 279 343 396 452 791 796 800 949 1022 8037
281 487 808 1163 1164 1165 1166 1986 1987 2022 8037
152 191 208 279 293 328 387 452 535 1422 8037
4 43 68 280 295 445 511 816 1267 1396 8037
127 150 211 248 327 535 966 1138 1227 1330 8037
48 138 243 279 281 335 521 554 797 1582 8037
4 79 124 152 211 224 243 1115 1227 1271 8037
2 68 189 225 299 1271 1276 1513 1529 2036 8037
124 176 297 387 790 1107 1134 1330 1502 1662 8037
14 48 84 106 138 281 550 818 945 949 8037
43 152 207 216 219 1125 1134 1330 1396 1745 8037
137 335 521 808 1164 1165 1552 2093 2100 2148 8037
15 43 137 150 152 220 297 1115 1276 1549 8037
57 84 267 279 800 951 975 1134 1239 1396 8037
176 208 211 219 245 248 378 550 552 951 8037
4 279 313 387 818 1130 1329 1374 1627 2188 8037
4 152 211 216 431 511 771 797 1122 1148 8037
124 152 243 535 554 577 585 797 945 1271 8037
59 267 281 496 515 535 1277 1420 1554 1713 8037
137 150 176 803 808 949 951 1163 1164 1269 8037
21 48 68 104 225 348 445 452 790 1107 8037
18 152 279 444 535 554 1164 1330 1552 1656 8037
10 191 279 464 535 585 804 949 1811 2178 8037
48 152 259 299 535 1125 1129 1374 1396 1521 8037
49 68 138 152 211 231 259 1125 1554 2093 8037
49 55 68 295 319 585 670 1276 1513 1529 8037
60 68 138 224 243 818 1115 1127 1271 1330 8038
14 208 226 239 281 474 487 515 818 964 8038
68 279 327 445 769 1125 1146 1164 1165 1617 8038
1 152 243 343 797 1131 1222 1444 1554 1612 8038
18 50 221 295 335 445 521 1277 1407 1493 8038
4 114 118 231 452 1332 1382 1554 1561 1695 8038
20 124 132 152 211 231 299 335 445 1134 8038
20 50 68 152 243 279 1146 1155 1353 1513 8038
21 22 68 124 139 189 276 452 1605 2036 8038
152 162 176 221 335 445 452 1115 1552 1713 8038
68 152 216 235 319 445 452 1146 1353 1612 8038
152 156 176 220 445 790 1115 1271 1396 1463 8038
21 48 124 130 150 515 714 1276 1503 2178 8038
20 21 68 221 276 445 1115 1146 1253 1271 8038
156 163 212 216 243 279 583 737 808 818 8038
18 44 189 235 295 533 579 583 1353 1552 8038
50 139 152 235 354 445 789 797 1271 1353 8038
48 124 224 335 445 550 552 808 1122 1330 8038
14 150 267 281 335 816 951 1396 2120 2160 8038
20 49 124 176 191 216 808 816 1227 2036 8038
23 57 162 243 256 609 804 1374 1470 2070 8038
134 135 162 176 211 346 577 1235 1613 2167 8038
68 243 533 577 581 586 804 928 1330 1503 8038
21 60 137 150 162 208 226 550 1330 1396 8038
48 191 714 796 800 949 1127 1189 1227 1278 8038
21 43 124 152 224 431 577 1115 1271 1276 8038
464 474 535 548 949 954 1422 1713 2140 2232 8038
176 196 243 279 346 550 651 954 1277 2115 8038
21 68 124 162 319 445 779 1374 1521 2036 8038
20 68 138 208 216 270 319 583 585 808 8038
235 295 445 452 800 1125 1146 1282 1503 1512 8038
163 245 279 769 808 818 1239 1274 1396 1801 8038
21 57 176 290 565 577 954 964 1138 1422 8038
176 295 459 689 797 804 808 1128 1284 1597 8038
118 314 335 431 460 769 1249 1258 1271 1519 8038
13 68 132 152 189 445 452 521 797 2167 8038
137 152 220 867 949 1253 1371 1513 1627 1841 8038
4 224 243 378 427 797 1407 1554 1581 1713 8038
43 49 176 231 267 386 435 1164 1235 1396 8038
281 485 487 548 808 949 1164 2091 2100 2159 8038
18 36 60 118 162 769 1129 1330 1554 2178 8038
4 21 22 44 68 152 276 295 452 1244 8038
49 137 150 176 226 267 281 808 1608 2173 8038
31 156 191 243 583 585 818 1117 1330 1613 8038
43 147 196 533 554 570 571 1269 1327 1608 8038
43 48 124 208 431 818 1128 1267 1276 1554 8038
150 299 445 453 481 818 1365 1554 1603 1617 8038
124 152 220 276 279 445 521 818 1271 1353 8038
69 150 162 176 535 779 1277 1378 1713 1745 8038
135 176 548 554 834 1129 1271 1603 2067 2133 8038
18 135 137 211 453 797 1134 1493 1617 1713 8038
44 152 224 279 445 790 808 1627 2036 2167 8038
47 48 162 189 243 297 445 1227 1396 2167 8038
4 22 139 231 431 445 452 951 1115 1353 8038
20 220 243 267 445 533 804 1080 1115 1117 8038
68 152 276 279 431 452 453 818 1146 1567 8038
124 162 176 431 444 485 807 1165 1330 2094 8038
48 191 259 281 304 563 577 579 817 1394 8038
31 152 176 335 511 550 804 1165 1166 1330 8038
2 68 152 165 335 1035 1134 1272 1613 2036 8038
118 279 281 299 550 554 817 818 949 1085 8038
124 150 572 817 1165 1227 1330 1411 1416 1503 8038
4 10 57 152 162 211 328 452 554 654 8038
137 259 295 586 949 1227 1246 1504 1521 1613 8038
84 104 453 571 587 775 1374 1494 1519 1617 8038
49 150 281 299 445 565 1138 1420 1503 1713 8038
50 68 319 818 1122 1146 1353 1513 1627 1892 8038
119 223 243 279 515 790 797 1243 1406 1411 8038
48 137 138 191 259 464 936 949 958 1253 8039
10 152 431 453 714 797 974 1020 1125 1603 8039
26 48 335 583 796 816 1134 1246 1271 1709 8039
4 216 231 445 817 1267 1271 1282 1623 1662 8039
152 231 378 382 445 452 779 1129 1713 2167 8039
4 68 127 211 243 431 452 771 1115 1122 8039
44 152 318 348 367 818 1130 1271 1353 1723 8039
150 259 299 445 808 818 954 1115 1603 1612 8039
2 21 44 68 189 220 256 279 714 1125 8039
150 176 535 808 949 1163 1164 1165 1235 1608 8039
84 176 452 515 949 1333 1396 1415 1513 1521 8039
57 124 176 295 445 452 818 1227 1330 1493 8039
49 79 118 170 216 792 800 1115 1227 1246 8039
20 69 132 137 138 444 521 548 808 1603 8039
127 176 533 535 550 816 818 1117 1127 1713 8039
107 220 949 1115 1127 1227 1271 1272 1415 1603 8039
138 152 279 335 521 535 548 951 1330 1544 8039
4 43 68 152 220 235 279 295 1271 1276 8039
92 135 150 156 211 280 817 818 949 1330 8039
18 31 43 150 431 445 804 949 1134 1830 8039
124 243 335 442 445 467 521 949 1330 1384 8039
21 22 36 44 328 452 790 818 954 1377 8039
4 118 220 243 327 1127 1244 1276 1463 1612 8039
50 60 152 243 279 445 453 816 1422 1521 8039
48 50 124 139 152 313 354 452 1226 1612 8039
60 176 216 445 452 797 964 1117 1521 1613 8039
79 152 176 335 336 445 816 818 1327 1603 8039
68 122 152 279 367 445 452 1155 1371 2188 8039
49 59 138 152 163 243 1129 1276 1603 1621 8039
31 134 135 163 521 737 804 808 951 1713 8039
124 152 221 245 279 445 949 1115 1709 1714 8039
26 48 152 367 535 577 581 800 1267 1662 8039
18 22 50 68 279 319 585 859 1124 1513 8039
43 118 279 521 533 587 817 818 958 2184 8039
43 50 124 431 445 789 1122 1376 1406 1556 8039
4 150 152 226 281 443 535 548 819 1612 8039
152 235 279 297 1148 1227 1282 1512 1662 2120 8039
127 176 211 535 550 808 1117 1271 1597 1612 8039
122 152 235 281 297 367 797 1122 1298 1396 8039
4 176 224 585 818 1134 1227 1330 1521 1627 8039
4 26 57 156 176 431 818 825 1330 1502 8039
17 26 130 156 327 444 585 1115 1330 1552 8039
12 124 152 348 816 1282 1337 1382 1603 1627 8039
26 57 176 485 552 804 808 1117 1235 1675 8039
10 26 216 243 452 790 797 804 1128 1134 8039
43 216 268 279 533 554 570 1163 1269 1327 8039
279 335 530 550 808 816 818 964 1164 1227 8039
18 50 211 336 808 1128 1163 1603 1608 2145 8039
243 245 444 505 790 797 1138 1267 1392 1662 8039
235 243 445 511 521 571 818 821 949 1416 8039
68 135 137 452 521 533 535 816 949 951 8039
4 68 304 431 583 586 1127 1155 1358 1428 8039
15 26 276 431 445 452 521 1129 1164 1353 8039
4 68 259 295 323 452 980 1123 1625 1790 8039
31 150 156 162 243 505 804 816 1512 1627 8039
124 152 445 453 949 1353 1423 1521 1617 1627 8040
152 162 176 243 431 445 452 804 1115 1378 8040
48 156 221 445 452 453 1115 1127 1330 1513 8040
4 31 132 176 280 445 779 790 1269 1394 8040
152 299 431 521 818 1115 1258 1374 1513 1521 8040
124 152 234 367 443 452 1236 1333 1353 1365 8040
4 21 43 152 189 235 279 346 1271 1396 8040
43 124 431 521 535 1115 1276 1371 1502 1554 8040
124 138 163 207 224 335 790 808 1396 1811 8040
14 224 335 387 442 453 521 818 1115 1330 8040
49 68 176 335 345 505 552 817 818 1613 8040
12 45 259 279 452 577 951 1146 1353 1584 8040
68 119 152 279 452 480 1521 1617 2138 2176 8040
21 44 107 124 152 226 445 452 818 1554 8040
39 48 68 118 124 152 452 583 800 1161 8040
124 150 152 235 279 431 521 1271 1512 1785 8040
15 21 68 152 220 299 431 452 804 1513 8040
60 152 176 219 243 272 348 1271 1330 1502 8040
20 138 191 379 452 583 588 945 1613 1713 8040
49 176 220 231 279 445 452 818 1115 1396 8040
176 267 808 949 1163 1164 1165 1608 1987 2022 8040
162 267 554 818 949 1115 1503 1513 1713 2036 8040
14 133 348 367 378 452 790 797 1396 1745 8040
68 211 431 511 535 808 945 1124 1164 2160 8040
208 464 483 521 550 1235 1542 2167 2178 2253 8040
152 445 452 453 769 818 1115 1117 1330 1613 8040
21 68 150 152 279 295 445 521 1117 1146 8040
97 124 132 224 279 453 474 521 1613 2116 8040
49 485 808 1163 1164 1165 1191 2100 2167 2168 8040
47 152 235 276 397 431 445 1127 1271 1353 8040
137 267 281 453 769 1235 1378 1521 1603 1617 8040
124 135 152 211 335 445 452 818 1371 1422 8040
68 137 162 208 211 267 304 816 1277 1374 8040
132 220 224 445 452 521 533 1127 1282 1353 8040
21 124 243 279 535 577 951 1122 1452 1709 8040
12 118 176 327 535 1272 1282 1613 1627 1662 8040
18 152 279 299 348 445 452 796 949 1115 8040
5 68 124 152 213 243 276 295 452 771 8040
47 176 453 459 769 945 954 1355 1613 1745 8040
43 49 224 348 583 714 1208 1374 1650 1711 8040
14 18 31 48 150 951 964 1127 1239 1713 8040
48 150 335 377 818 1117 1552 1855 1874 2115 8040
17 68 176 319 585 1396 1503 1513 1529 1613 8040
21 124 133 276 521 577 779 1276 2036 2167 8040
14 138 239 279 535 550 949 964 1625 2174 8040
59 216 224 259 299 313 1115 1127 1271 1713 8040
150 165 172 220 452 553 804 949 1115 1276 8040
39 60 137 243 327 386 818 837 1134 2167 8040
21 68 174 276 328 521 1115 1127 1271 1276 8040
49 176 239 508 519 800 949 1134 1437 1586 8040
4 68 152 232 445 453 949 1227 1396 1745 8040
14 299 335 474 505 521 550 818 1713 2167 8040
135 279 429 445 867 949 1128 1259 1368 1521 8040
22 135 152 220 279 452 1146 1353 1371 1569 8040
22 139 272 295 821 1382 1422 1554 1597 1707 8041
49 137 279 335 445 452 818 1330 1603 2099 8041
124 176 328 481 535 1115 1271 1493 1718 2133 8041
49 137 138 150 176 226 267 808 1163 1165 8041
18 138 211 279 431 535 550 818 1276 1330 8041
191 201 211 281 515 789 796 1124 1406 1709 8041
14 26 156 452 527 583 852 1115 1371 1502 8041
18 152 259 297 511 521 583 686 688 1282 8041
43 124 125 152 224 276 431 445 452 1353 8041
20 163 176 219 297 335 445 816 1115 1713 8041
21 299 348 445 797 1139 1146 1503 1513 2057 8041
118 124 152 243 319 327 1117 1396 1508 2164 8041
20 138 226 304 581 779 821 1259 1521 2174 8041
4 21 22 43 50 122 139 224 279 445 8041
20 122 124 127 150 152 445 548 954 2070 8041
243 279 327 453 1117 1235 1277 1327 1603 1713 8041
68 124 152 243 349 445 452 800 1123 1353 8041
138 220 327 335 445 452 535 584 1227 2167 8041
85 122 124 152 328 583 797 1059 1452 1513 8041
21 48 124 152 160 276 445 452 797 951 8041
12 124 150 243 279 431 452 1235 1282 1392 8041
42 176 335 453 535 949 1117 1258 1330 1713 8041
176 224 445 452 480 521 769 804 808 1115 8041
4 92 138 234 243 453 459 949 1115 1122 8041
84 304 431 452 481 535 797 1122 1146 1406 8041
14 18 268 533 548 551 808 1239 1374 1554 8041
68 150 279 295 511 535 571 949 986 1396 8041
48 68 124 138 295 431 1019 1276 1503 1528 8041
10 20 150 152 216 431 445 1271 1330 1353 8041
44 68 124 138 235 295 445 954 1271 1603 8041
14 124 319 335 445 452 533 808 1129 1227 8041
10 138 243 259 295 443 771 1115 1422 1554 8041
21 68 152 189 235 583 797 818 1146 1258 8041
4 49 152 445 548 818 949 1271 1412 1513 8041
31 42 68 442 452 818 954 974 1122 1701 8041
152 319 445 452 453 797 808 1107 1146 1617 8041
124 152 431 800 960 1115 1304 1378 1627 1806 8041
87 191 279 367 533 797 816 1127 1227 1406 8041
48 152 445 453 769 1092 1258 1365 1503 1617 8041
152 268 276 279 445 452 535 552 818 1115 8041
12 43 68 75 93 125 152 279 299 1688 8041
68 124 130 138 152 211 234 445 452 583 8041
208 386 577 583 768 1129 1246 1327 1330 2130 8041
20 68 152 319 387 445 452 949 1146 1353 8041
12 68 124 279 308 431 452 1127 1272 2188 8041
137 267 452 1115 1116 1327 1353 1371 1463 1603 8041
124 259 299 348 1082 1108 1139 1271 1503 2167 8041
21 135 185 211 343 349 412 1243 1246 1271 8041
152 216 220 445 452 577 583 1115 1227 1330 8041
48 178 221 279 332 348 445 583 1117 1552 8041
60 62 150 170 176 211 515 533 1134 1330 8041
12 21 22 124 189 220 319 452 821 1085 8041
12 232 259 281 431 453 688 1239 1330 1503 8041
152 191 335 574 577 583 795 951 1146 1148 8041
150 196 243 267 496 521 583 949 978 1361 8041
137 150 243 281 1121 1269 1467 1613 1745 1786 8041
137 152 224 243 281 336 346 378 818 951 8042
4 138 163 224 327 445 453 1124 1227 2178 8042
21 48 68 189 319 445 818 1127 1146 1271 8042
43 57 156 212 274 323 530 1227 1503 1709 8042
162 335 453 688 817 951 958 966 1368 1745 8042
47 133 138 243 279 791 1122 1156 1267 1271 8042
20 44 91 138 349 429 583 769 949 1134 8042
26 152 176 191 431 535 796 1115 1122 1463 8042
124 796 1129 1271 1362 1377 1415 1513 1532 2268 8042
14 18 48 60 124 163 191 854 1330 1713 8042
132 138 176 208 226 290 445 768 1146 1493 8042
26 85 138 156 176 243 1134 1227 1246 1330 8042
18 48 135 243 279 797 1127 1163 1552 1603 8042
36 124 152 217 808 949 1134 1271 1463 1675 8042
21 124 279 318 581 804 816 1227 1282 1330 8042
133 176 279 453 535 688 791 818 951 1117 8042
14 106 176 243 521 548 818 949 1127 1277 8042
4 14 44 152 279 444 949 1125 1597 1627 8042
48 150 308 445 452 779 818 1258 1521 1745 8042
20 57 163 216 348 349 378 804 1277 1508 8042
130 152 279 348 445 452 797 1146 1463 1529 8042
132 176 211 281 335 429 583 818 1117 1246 8042
14 281 327 431 445 453 511 818 1117 1330 8042
68 280 299 688 1258 1327 1353 1512 1561 1645 8042
22 152 224 281 431 445 452 1353 1503 2178 8042
68 152 189 232 295 319 445 452 453 1146 8042
152 191 452 533 670 1057 1463 1513 1713 2188 8042
21 36 59 208 243 319 335 496 1232 1713 8042
68 124 281 533 807 1115 1277 1502 1745 2036 8042
130 150 335 429 548 585 817 1139 1330 1613 8042
152 220 279 295 452 647 796 867 1115 1428 8042
152 319 349 444 790 797 1146 1377 1437 1855 8042
378 453 535 797 1129 1156 1298 1503 1507 1838 8042
31 367 412 1124 1127 1378 1503 1603 1836 2167 8042
4 60 156 176 279 528 1007 1112 1115 1627 8042
152 178 221 243 367 800 1112 1134 1235 1271 8042
50 243 279 281 299 496 552 1139 1353 1381 8042
15 20 50 122 162 243 245 414 521 1552 8042
279 280 301 452 535 550 1117 1122 1127 1239 8042
12 18 48 60 162 335 945 1127 1134 1282 8042
138 152 243 583 1148 1227 1246 1396 1512 1662 8042
18 60 104 165 349 367 797 974 1327 1396 8042
57 152 196 267 535 949 1117 1271 1415 1513 8042
31 32 57 138 221 445 521 535 550 949 8042
43 97 152 345 445 452 796 797 1082 1139 8042
17 21 92 152 566 583 789 1122 1269 1271 8042
21 124 297 424 431 442 445 577 1267 1662 8042
137 150 281 808 951 1163 1164 1165 2167 2172 8042
4 10 14 50 248 254 583 801 951 1125 8042
20 21 92 118 124 189 445 1115 1271 1528 8042
60 80 150 335 474 533 1246 1365 1502 1552 8042
176 208 281 514 515 563 818 1117 1503 1709 8042
4 68 122 124 152 235 243 279 452 818 8042
138 208 279 281 452 515 521 572 577 1115 8042
68 124 243 452 797 798 954 1298 1597 1905 8042
4 138 211 224 279 435 452 519 1122 1330 8042
152 220 348 431 445 452 1146 1267 1282 1463 8042
152 445 452 577 579 769 808 1115 1358 1368 8042
124 135 152 279 382 452 550 954 1276 1353 8042
68 147 279 431 445 452 521 769 771 1146 8042
162 445 797 1134 1138 1246 1276 1378 1396 1554 8043
14 20 48 92 191 243 299 335 583 1613 8043
4 44 224 279 295 818 949 1231 1271 1711 8043
20 124 152 189 216 243 348 954 1271 1353 8043
12 50 68 152 231 452 1125 1146 1353 1754 8043
138 152 176 220 272 445 1115 1117 1134 1246 8043
21 122 124 224 276 431 511 1115 1271 1709 8043
57 176 279 1117 1128 1134 1246 1396 1493 1613 8043
152 259 1146 1353 1415 1416 1467 1513 1597 1707 8043
48 243 304 453 535 563 651 1308 1345 2108 8043
26 48 68 295 481 797 818 1330 1368 1603 8043
4 224 226 279 295 349 445 1330 1396 1422 8043
26 156 178 563 577 581 796 1117 1305 1502 8043
48 138 208 281 304 515 583 1220 1579 1586 8043
50 216 445 452 792 1134 1155 1267 1353 1662 8043
4 12 48 138 220 452 818 1127 1148 1246 8043
2 44 68 152 189 349 445 1104 1127 1396 8043
21 208 211 224 445 601 949 1134 1493 2167 8043
50 68 152 216 295 346 445 452 797 1597 8043
68 335 452 583 1134 1330 1371 1396 1613 1745 8043
124 176 211 243 346 533 816 1253 1874 2167 8043
21 59 243 431 554 1353 1381 1396 1745 2279 8043
4 133 224 245 335 431 804 1122 1148 1267 8043
124 152 445 796 797 816 1227 1267 1603 1662 8043
152 176 533 804 1125 1134 1227 1330 1521 2279 8043
150 378 379 535 548 808 945 1127 1164 1396 8043
87 92 152 224 323 818 1126 1282 1503 1707 8043
152 319 445 452 535 548 554 816 1115 1353 8043
68 220 243 481 583 714 800 1125 1146 2036 8043
130 176 211 452 515 834 1227 1353 1463 1503 8043
47 57 138 152 220 279 327 452 1276 1709 8043
163 335 431 452 771 1146 1298 1597 1613 1834 8043
60 176 211 335 533 552 808 1163 1164 1327 8043
62 138 212 326 535 557 1164 1330 1603 1613 8043
129 132 150 348 445 452 453 945 1521 1529 8043
4 48 211 295 346 586 796 800 1175 1267 8043
124 135 150 281 445 452 818 1129 1353 2188 8043
20 48 124 152 220 224 277 281 431 949 8043
78 243 281 299 349 577 585 816 818 1134 8043
1 152 176 216 422 505 1103 1298 1344 1353 8043
57 147 216 248 533 583 680 1128 1277 1493 8043
14 68 124 152 221 235 276 445 1374 1627 8043
43 84 124 201 216 349 431 445 797 1406 8043
12 124 137 230 279 319 431 548 1353 1612 8043
57 124 152 163 176 279 1246 1330 1612 1903 8043
48 152 191 688 796 818 1128 1396 1521 2167 8043
4 132 152 220 235 243 276 445 452 1785 8043
68 124 152 232 235 348 452 1332 1335 1353 8043
21 84 243 281 445 964 967 1277 1493 1552 8043
18 48 112 150 485 550 808 1015 1127 2181 8043
138 152 156 581 583 816 1134 1271 1396 1503 8043
48 57 124 276 431 445 452 459 949 1353 8043
191 279 281 299 304 571 591 779 808 817 8043
36 48 59 124 152 191 216 243 445 1502 8043
50 139 152 224 452 1082 1122 1146 1688 1738 8043
124 196 219 220 327 445 535 1112 1246 1554 8043
49 50 68 152 231 1146 1271 1377 1554 2188 8043
43 235 299 521 819 1146 1353 1377 1503 2178 8043
43 138 152 453 554 688 1127 1330 1371 1612 8043
4 44 231 797 808 1128 1276 1411 1503 1513 8043
137 243 440 452 453 535 1332 1374 1396 1521 8044
137 150 162 163 281 535 550 807 1327 1713 8044
208 281 335 808 949 1115 1165 1235 1713 2119 8044
68 130 152 189 243 295 445 800 1146 1446 8044
21 85 138 279 318 583 769 1155 1368 1458 8044
59 152 224 295 299 431 445 505 1508 1855 8044
12 15 133 152 224 431 452 535 818 1392 8044
68 124 152 243 295 403 583 1330 1493 1513 8044
68 221 299 431 535 818 951 1115 1422 1745 8044
14 20 162 176 323 348 949 1330 1745 2279 8044
18 21 138 150 189 267 452 818 949 1330 8044
21 124 243 797 808 1271 1276 1512 1603 1662 8044
43 135 137 224 554 654 1330 1368 1508 1713 8044
129 135 224 299 533 1239 1396 1554 1745 2084 8044
60 138 279 327 335 452 453 816 1134 1892 8044
87 276 281 299 453 1155 1271 1617 2100 2167 8044
18 31 150 162 211 378 499 818 1331 1350 8044
152 235 431 452 521 816 859 949 1146 1503 8044
22 152 299 445 453 790 797 1122 1271 1521 8044
48 243 349 583 797 1106 1125 1146 1246 1272 8044
124 135 299 452 453 496 949 1115 1245 1371 8044
279 335 453 586 800 949 1267 1282 1584 1662 8044
4 10 14 152 191 445 800 949 951 1115 8044
68 124 152 235 260 299 445 452 1353 1503 8044
59 152 295 299 431 445 496 505 1508 1855 8044
44 243 279 299 453 535 804 1272 1423 1617 8044
47 68 122 124 150 295 789 1115 1271 1332 8044
118 259 299 533 573 1082 1127 1412 1503 1603 8044
152 224 453 769 1115 1271 1368 1521 1597 1617 8044
44 68 124 220 243 445 452 1126 1513 1556 8044
124 217 268 550 818 949 1115 1129 1232 1271 8044
14 68 151 304 535 949 1146 1554 1745 2036 8044
124 297 416 445 1115 1155 1244 1384 1463 1557 8044
220 297 445 453 535 548 804 949 1521 1749 8044
176 243 267 269 343 797 1608 1686 1709 2279 8044
26 38 124 150 156 550 817 818 949 1613 8044
4 21 119 279 301 651 1134 1269 1493 1593 8044
92 176 211 243 323 427 515 808 1330 1897 8044
21 124 328 431 768 949 982 1125 1422 1441 8044
60 130 176 211 243 267 535 1128 1129 1330 8044
124 225 243 348 412 453 688 790 797 1107 8044
21 68 189 243 281 445 521 818 949 1146 8044
44 124 162 216 243 974 1134 1271 1298 1355 8044
18 152 220 224 259 445 583 1125 1146 1554 8044
137 267 281 521 533 550 554 816 1134 1330 8044
152 156 191 464 533 791 796 797 816 2167 8044
31 130 152 216 346 771 797 804 982 1271 8044
21 43 122 124 279 348 445 452 797 2279 8044
15 47 68 124 130 319 445 583 797 1271 8045
20 243 295 515 1115 1125 1396 1411 1823 2130 8045
124 152 224 243 276 445 452 791 1115 1353 8045
15 22 50 97 216 345 789 818 1125 1720 8045
60 150 156 367 386 557 791 816 1134 1613 8045
268 280 535 797 1106 1122 1134 1330 1552 1791 8045
2 85 124 138 162 281 387 453 480 535 8045
36 124 152 348 349 452 797 1267 1407 1662 8045
152 299 346 348 349 800 856 1148 1617 2279 8045
22 138 231 243 445 583 1227 1396 1709 1786 8045
189 235 276 319 367 445 670 1146 1491 1627 8045
1 4 48 49 152 176 279 804 818 951 8045
20 150 191 327 435 533 967 1246 1330 1897 8045
12 48 152 189 306 319 800 808 1127 1146 8045
10 20 48 92 124 152 224 299 431 533 8045
137 163 335 533 808 1163 1164 1165 1330 1713 8045
10 14 26 48 68 274 335 453 816 1134 8045
12 47 135 189 220 224 453 818 949 1115 8045
48 60 172 211 279 453 480 552 1365 1452 8045
20 26 48 216 335 445 563 583 769 1613 8045
44 68 124 452 571 945 1127 1129 1276 1617 8045
50 221 452 535 932 1282 1371 1377 1494 1584 8045
162 211 224 279 335 452 797 1117 1277 1330 8045
124 152 216 279 354 585 1128 1272 1374 1699 8045
48 132 185 231 279 281 511 583 1115 1493 8045
11 150 176 191 548 808 949 951 1163 1165 8045
2 21 68 139 189 319 1122 1146 1627 2036 8045
22 58 68 137 163 279 431 445 453 1617 8045
15 43 138 367 867 949 1115 1382 1513 1528 8045
43 48 87 216 335 533 563 792 976 1235 8045
125 152 259 445 452 797 1146 1353 1416 1503 8045
68 216 279 289 431 452 511 951 1422 1823 8045
138 176 208 790 1115 1134 1227 1267 1330 1603 8045
487 808 1163 1164 1165 1166 1987 2100 2167 2168 8045
42 58 161 185 208 262 453 474 544 949 8045
48 119 201 243 335 515 818 1092 1298 1769 8045
26 267 346 431 521 577 583 1276 1603 1709 8045
20 49 216 280 445 452 554 804 818 1115 8045
124 137 152 243 295 411 583 796 986 1106 8045
152 279 280 535 816 1115 1155 1267 1330 1603 8045
43 130 156 365 530 1134 1253 1613 1869 2279 8045
21 26 60 156 515 817 951 1117 1277 1887 8045
57 245 290 348 445 800 986 1117 1125 1503 8045
231 445 452 797 859 1330 1353 1745 2094 2100 8045
69 87 118 348 521 1107 1330 1493 1537 1711 8045
126 156 211 219 348 442 477 583 1246 1709 8045
152 243 279 452 1115 1271 1371 1407 1709 1713 8046
20 68 137 243 346 387 431 1353 1396 1627 8046
152 224 348 800 1271 1332 1458 1513 1554 2036 8046
211 243 319 367 553 655 797 1115 1277 2279 8046
14 176 274 281 335 348 550 1129 1277 1493 8046
18 38 139 267 279 688 792 797 1128 1381 8046
31 60 138 152 279 508 583 1246 1603 1786 8046
21 22 124 279 280 797 1125 1227 1267 1617 8046
297 431 474 506 804 808 1122 1508 1693 2036 8046
5 18 43 122 224 583 1115 1125 1271 1463 8046
4 135 279 431 445 550 554 571 818 949 8046
20 59 152 216 299 796 797 843 1267 1382 8046
68 118 152 443 452 800 1108 1146 1881 2279 8046
224 243 256 279 295 297 453 511 535 1692 8046
152 243 431 796 817 1267 1271 1330 1503 2129 8046
20 50 124 125 178 577 583 797 1267 2279 8046
44 124 152 306 452 1122 1156 1371 1881 2279 8046
50 124 452 480 481 585 797 1267 1381 2279 8046
10 176 243 281 335 453 550 1246 1503 1591 8046
107 135 150 335 431 779 816 1376 1709 2167 8046
60 156 176 219 243 528 583 816 1115 1134 8046
2 21 48 243 281 335 452 515 821 1239 8046
32 132 224 290 335 431 550 808 945 1396 8046
10 152 220 245 440 453 949 1122 1353 1503 8046
4 135 138 191 226 281 474 818 1125 1713 8046
4 150 162 299 769 818 949 1330 1713 1987 8046
20 68 124 176 211 243 281 571 1330 1368 8046
2 68 152 196 295 445 521 808 1271 1353 8046
124 152 216 245 276 279 299 349 367 797 8046
44 152 234 1115 1146 1271 1353 1785 1881 1905 8046
14 48 176 243 335 964 1129 1134 1277 1709 8046
20 68 124 152 243 245 367 769 796 2279 8046
170 243 818 966 1134 1330 1350 2094 2099 2100 8046
137 138 267 281 577 949 1127 1272 1591 1693 8046
12 68 124 189 295 346 521 801 1124 1353 8046
20 21 22 68 124 221 318 431 445 452 8046
4 68 162 295 797 800 818 1282 1503 1513 8046
43 60 127 219 243 485 818 951 2100 2184 8046
10 18 124 137 152 279 452 949 1353 1554 8046
122 124 152 189 235 431 452 982 1407 1881 8046
221 224 295 304 714 945 949 1107 1115 1122 8046
176 281 319 323 335 550 585 808 1378 1603 8046
68 152 220 279 335 431 445 577 1115 2167 8047
43 152 207 220 445 452 1115 1267 1411 1463 8047
4 217 224 295 378 453 791 808 1156 1813 8047
2 21 189 235 279 452 583 1146 1282 1617 8047
152 216 243 279 808 1246 1253 1330 1713 2036 8047
68 191 231 267 279 281 304 431 577 583 8047
152 231 445 452 583 585 1353 1396 1503 1745 8047
43 124 152 160 297 477 804 1126 1503 1646 8047
135 162 176 196 949 1134 1235 1502 1603 1848 8047
48 152 224 279 281 431 577 951 1125 1149 8047
26 60 176 243 511 779 1134 1330 1508 1745 8047
152 267 281 412 807 816 818 1117 1713 1801 8047
18 36 152 279 367 769 796 800 1849 1886 8047
4 279 427 445 521 550 1125 1134 1330 1713 8047
15 50 68 260 299 414 496 682 700 949 8047
4 68 152 220 293 295 328 431 445 1503 8047
14 137 327 521 550 583 808 949 1129 1134 8047
47 152 224 280 452 796 816 818 1125 1603 8047
4 21 48 137 138 152 281 336 452 1508 8047
22 68 118 152 221 235 276 1115 1146 1271 8047
47 48 176 427 445 797 818 951 1330 1396 8047
163 176 178 191 279 515 586 831 1092 1246 8047
139 224 243 295 335 379 521 769 1127 1382 8047
68 130 213 267 304 521 817 818 1277 1353 8047
14 20 68 135 267 281 453 521 535 818 8047
21 68 138 185 267 279 319 453 583 818 8047
5 68 138 289 452 1115 1127 1146 1353 1603 8047
138 152 176 267 327 348 583 818 951 1613 8047
243 295 326 348 453 688 771 797 1333 1374 8047
18 20 22 152 279 445 452 949 1122 1340 8047
21 48 138 220 299 431 521 1127 1139 1330 8047
48 68 124 152 189 243 1276 1353 1627 2279 8048
42 85 87 208 226 267 327 535 951 1521 8048
12 152 176 279 319 328 335 521 1146 2188 8048
107 124 138 279 452 949 964 1513 1529 1554 8048
124 152 279 335 452 583 789 1134 1246 1396 8048
138 152 189 216 792 797 1168 1330 1353 1657 8048
81 150 163 818 1127 1146 1381 1608 1656 1713 8048
57 162 231 267 281 431 474 804 818 2167 8048
2 68 124 243 279 295 313 1122 1353 1374 8048
124 235 535 769 818 1115 1155 1353 1423 1627 8048
18 42 196 221 272 445 804 818 1115 1227 8048
58 281 299 453 515 591 817 945 1365 1562 8048
43 49 124 150 226 281 818 1235 1246 1330 8048
150 185 279 431 443 1117 1125 1493 1745 1887 8048
21 124 276 279 306 431 445 535 1239 1271 8048
15 68 122 124 279 431 452 818 949 1371 8048
124 224 328 431 445 511 949 1127 1258 2067 8048
21 124 245 299 367 453 521 716 991 1156 8048
20 156 335 474 528 533 535 571 1117 1552 8048
11 150 808 949 1164 1165 1235 1986 1987 2167 8048
15 42 43 124 243 445 506 521 949 1269 8048
1 20 68 118 299 387 768 791 797 804 8048
31 156 176 191 281 290 535 550 1227 1591 8048
48 162 211 808 1164 1165 1235 1330 1608 2290 8048
49 137 138 267 515 554 585 951 1269 1394 8048
43 124 295 354 431 453 497 515 986 1617 8048
14 176 191 214 431 535 1603 1613 2074 2120 8048
2 22 189 196 243 367 1282 1353 1627 1874 8048
137 138 191 346 378 474 779 797 951 1327 8048
14 150 191 335 521 535 951 1269 1709 2097 8048
124 150 152 216 297 445 816 1368 1521 1617 8048
